{
 "cells": [
  {
   "cell_type": "markdown",
   "metadata": {},
   "source": [
    "# Interactive Recommendation System with Word Embeddings using Word2Vec, Plotly, and NetworkX\n",
    "\n",
    "## Project Breakdown\n",
    "- Task 1: Introduction\n",
    "- Task 2: Exploratory Data Analysis and Preprocessing\n",
    "- Task 3: Word2Vec with Gensim\n",
    "- Task 4: Exploring Results (you are here)\n",
    "- Task 5: Building and Visualizing Interactive Network Graph\n",
    "\n",
    "## Task 4: Exploring Results"
   ]
  },
  {
   "cell_type": "code",
   "execution_count": 21,
   "metadata": {},
   "outputs": [],
   "source": [
    "from sklearn.metrics.pairwise import cosine_similarity\n",
    "from gensim.models.word2vec import Word2Vec\n",
    "import numpy as np\n",
    "\n",
    "import matplotlib\n",
    "%matplotlib inline\n",
    "%config InlineBackend.figure_format = 'svg'\n",
    "#matplotlib.rcParams['figure.dpi'] = 800\n",
    "import matplotlib.pyplot as plt\n",
    "plt.style.use('ggplot')\n",
    "\n",
    "import random\n",
    "random.seed(3)"
   ]
  },
  {
   "cell_type": "code",
   "execution_count": 22,
   "metadata": {},
   "outputs": [],
   "source": [
    "model = Word2Vec.load('Data/w2v.model')"
   ]
  },
  {
   "cell_type": "code",
   "execution_count": 23,
   "metadata": {},
   "outputs": [
    {
     "data": {
      "text/plain": [
       "[('gumdrop', 0.414474219083786),\n",
       " ('crave', 0.4116426408290863),\n",
       " ('jujube', 0.4018630385398865)]"
      ]
     },
     "execution_count": 23,
     "metadata": {},
     "output_type": "execute_result"
    }
   ],
   "source": [
    "model.wv.most_similar(['orange'], negative=['lemon'],topn=3)"
   ]
  },
  {
   "cell_type": "code",
   "execution_count": 24,
   "metadata": {},
   "outputs": [
    {
     "data": {
      "text/plain": [
       "[('tangerine', 0.871921181678772),\n",
       " ('lemon', 0.8343267440795898),\n",
       " ('clementine', 0.7867265939712524)]"
      ]
     },
     "execution_count": 24,
     "metadata": {},
     "output_type": "execute_result"
    }
   ],
   "source": [
    "model.wv.most_similar(['orange'], topn=3)"
   ]
  },
  {
   "cell_type": "code",
   "execution_count": 25,
   "metadata": {},
   "outputs": [
    {
     "data": {
      "text/plain": [
       "['salt',\n",
       " 'pepper',\n",
       " 'fresh',\n",
       " 'oil',\n",
       " 'sugar',\n",
       " 'butter',\n",
       " 'garlic',\n",
       " 'cheese',\n",
       " 'water',\n",
       " 'lemon',\n",
       " 'leaves',\n",
       " 'cloves',\n",
       " 'powder',\n",
       " 'chicken',\n",
       " 'milk',\n",
       " 'unsalted',\n",
       " 'eggs',\n",
       " 'vanilla',\n",
       " 'egg',\n",
       " 'vinegar',\n",
       " 'vegetable',\n",
       " 'baking',\n",
       " 'extract',\n",
       " 'wine',\n",
       " 'tomatoes',\n",
       " 'parsley',\n",
       " 'brown',\n",
       " 'virgin',\n",
       " 'cinnamon',\n",
       " 'chocolate',\n",
       " 'orange',\n",
       " 'lime',\n",
       " 'bread',\n",
       " 'mustard',\n",
       " 'seeds',\n",
       " 'bell',\n",
       " 'rice',\n",
       " 'ginger',\n",
       " 'thyme',\n",
       " 'cilantro',\n",
       " 'broth',\n",
       " 'potatoes',\n",
       " 'beef',\n",
       " 'celery',\n",
       " 'tomato',\n",
       " 'beans',\n",
       " 'parmesan',\n",
       " 'honey',\n",
       " 'soda',\n",
       " 'zest',\n",
       " 'clove',\n",
       " 'stock',\n",
       " 'sour',\n",
       " 'leaf',\n",
       " 'mushrooms',\n",
       " 'carrots',\n",
       " 'syrup',\n",
       " 'cayenne',\n",
       " 'bacon',\n",
       " 'pork',\n",
       " 'coconut',\n",
       " 'oregano',\n",
       " 'mayonnaise',\n",
       " 'chili',\n",
       " 'chile',\n",
       " 'cheddar',\n",
       " 'seasoning',\n",
       " 'nutmeg',\n",
       " 'canola',\n",
       " 'chips',\n",
       " 'mint',\n",
       " 'rosemary',\n",
       " 'scallions',\n",
       " 'chives',\n",
       " 'peanut',\n",
       " 'breast',\n",
       " 'cornstarch',\n",
       " 'almonds',\n",
       " 'cider',\n",
       " 'shrimp',\n",
       " 'shallots',\n",
       " 'worcestershire',\n",
       " 'yogurt',\n",
       " 'walnuts',\n",
       " 'spinach',\n",
       " 'cocoa',\n",
       " 'olives',\n",
       " 'jalapeno',\n",
       " 'pineapple',\n",
       " 'buttermilk',\n",
       " 'balsamic',\n",
       " 'lettuce',\n",
       " 'pasta',\n",
       " 'turkey',\n",
       " 'cake',\n",
       " 'mozzarella',\n",
       " 'fillets',\n",
       " 'chunks',\n",
       " 'peas',\n",
       " 'chiles',\n",
       " 'semisweet',\n",
       " 'sausage',\n",
       " 'carrot',\n",
       " 'coriander',\n",
       " 'raisins',\n",
       " 'pecans',\n",
       " 'cherry',\n",
       " 'pie',\n",
       " 'apples',\n",
       " 'peppercorns',\n",
       " 'strawberries',\n",
       " 'liqueur',\n",
       " 'rum',\n",
       " 'sherry',\n",
       " 'zucchini',\n",
       " 'almond',\n",
       " 'cabbage',\n",
       " 'maple',\n",
       " 'plum',\n",
       " 'bean',\n",
       " 'pumpkin',\n",
       " 'cucumber',\n",
       " 'fish',\n",
       " 'soup',\n",
       " 'tortillas',\n",
       " 'ham',\n",
       " 'meat',\n",
       " 'ribs',\n",
       " 'nuts',\n",
       " 'potato',\n",
       " 'ketchup',\n",
       " 'squash',\n",
       " 'curry',\n",
       " 'allspice',\n",
       " 'steak',\n",
       " 'lemons',\n",
       " 'pastry',\n",
       " 'tarragon',\n",
       " 'salmon',\n",
       " 'noodles',\n",
       " 'coffee',\n",
       " 'cherries',\n",
       " 'cranberries',\n",
       " 'chipotle',\n",
       " 'broccoli',\n",
       " 'margarine',\n",
       " 'arugula',\n",
       " 'capers',\n",
       " 'limes',\n",
       " 'raspberries',\n",
       " 'ricotta',\n",
       " 'avocado',\n",
       " 'beer',\n",
       " 'brandy',\n",
       " 'feta',\n",
       " 'blueberries',\n",
       " 'lamb',\n",
       " 'salsa',\n",
       " 'vodka',\n",
       " 'mango',\n",
       " 'molasses',\n",
       " 'bananas',\n",
       " 'parmigiano',\n",
       " 'asparagus',\n",
       " 'russet',\n",
       " 'goat',\n",
       " 'yolk',\n",
       " 'greek',\n",
       " 'oranges',\n",
       " 'crackers',\n",
       " 'turmeric',\n",
       " 'breadcrumbs',\n",
       " 'mushroom',\n",
       " 'peanuts',\n",
       " 'steaks',\n",
       " 'cardamom',\n",
       " 'banana',\n",
       " 'horseradish',\n",
       " 'monterey',\n",
       " 'spaghetti',\n",
       " 'graham',\n",
       " 'panko',\n",
       " 'rib',\n",
       " 'peaches',\n",
       " 'grape',\n",
       " 'raspberry',\n",
       " 'shiitake',\n",
       " 'cookies',\n",
       " 'veal',\n",
       " 'pizza',\n",
       " 'buns',\n",
       " 'baguette',\n",
       " 'anise',\n",
       " 'sprouts',\n",
       " 'tuna',\n",
       " 'berries',\n",
       " 'prosciutto',\n",
       " 'candy',\n",
       " 'tartar',\n",
       " 'cauliflower',\n",
       " 'pears',\n",
       " 'cranberry',\n",
       " 'jam',\n",
       " 'kalamata',\n",
       " 'romano',\n",
       " 'bouillon',\n",
       " 'grapeseed',\n",
       " 'scallion',\n",
       " 'fillet',\n",
       " 'preserves',\n",
       " 'avocados',\n",
       " 'shoulder',\n",
       " 'loin',\n",
       " 'espresso',\n",
       " 'champagne',\n",
       " 'shell',\n",
       " 'saffron',\n",
       " 'anchovy',\n",
       " 'tea',\n",
       " 'cracker',\n",
       " 'scallops',\n",
       " 'eggplant',\n",
       " 'crabmeat',\n",
       " 'cereal',\n",
       " 'tenderloin',\n",
       " 'hazelnuts',\n",
       " 'butternut',\n",
       " 'pudding',\n",
       " 'apricots',\n",
       " 'grapes',\n",
       " 'apricot',\n",
       " 'pecorino',\n",
       " 'clams',\n",
       " 'strawberry',\n",
       " 'cucumbers',\n",
       " 'marshmallows',\n",
       " 'kidney',\n",
       " 'pomegranate',\n",
       " 'tortilla',\n",
       " 'beets',\n",
       " 'watercress',\n",
       " 'herbs',\n",
       " 'oyster',\n",
       " 'bones',\n",
       " 'mascarpone',\n",
       " 'pancetta',\n",
       " 'radishes',\n",
       " 'tequila',\n",
       " 'peach',\n",
       " 'sirloin',\n",
       " 'artichoke',\n",
       " 'chorizo',\n",
       " 'jalapeño',\n",
       " 'marjoram',\n",
       " 'vegetables',\n",
       " 'blackberries',\n",
       " 'pickle',\n",
       " 'chilies',\n",
       " 'chickpeas',\n",
       " 'gin',\n",
       " 'vermouth',\n",
       " 'sandwich',\n",
       " 'herb',\n",
       " 'grapefruit',\n",
       " 'rind',\n",
       " 'pear',\n",
       " 'maraschino',\n",
       " 'penne',\n",
       " 'dates',\n",
       " 'skewers',\n",
       " 'cookie',\n",
       " 'pistachios',\n",
       " 'jalapenos',\n",
       " 'macaroni',\n",
       " 'caramel',\n",
       " 'fraiche',\n",
       " 'tabasco',\n",
       " 'lentils',\n",
       " 'pecan',\n",
       " 'leek',\n",
       " 'crab',\n",
       " 'tender',\n",
       " 'gruyere',\n",
       " 'walnut',\n",
       " 'lobster',\n",
       " 'tart',\n",
       " 'portobello',\n",
       " 'agave',\n",
       " 'applesauce',\n",
       " 'provolone',\n",
       " 'whiskey',\n",
       " 'cured',\n",
       " 'couscous',\n",
       " 'wings',\n",
       " 'hamburger',\n",
       " 'figs',\n",
       " 'sriracha',\n",
       " 'sourdough',\n",
       " 'taco',\n",
       " 'quinoa',\n",
       " 'cannellini',\n",
       " 'vinaigrette',\n",
       " 'pita',\n",
       " 'watermelon',\n",
       " 'pesto',\n",
       " 'iceberg',\n",
       " 'chestnuts',\n",
       " 'jelly',\n",
       " 'cod',\n",
       " 'ranch',\n",
       " 'brine',\n",
       " 'rye',\n",
       " 'mussels',\n",
       " 'clam',\n",
       " 'garbanzo',\n",
       " 'american',\n",
       " 'sunflower',\n",
       " 'habanero',\n",
       " 'cajun',\n",
       " 'quarters',\n",
       " 'crème',\n",
       " 'barbecue',\n",
       " 'currants',\n",
       " 'pickles',\n",
       " 'cashews',\n",
       " 'caraway',\n",
       " 'tomatillos',\n",
       " 'cocktail',\n",
       " 'hazelnut',\n",
       " 'polenta',\n",
       " 'truffle',\n",
       " 'parsnips',\n",
       " 'lemongrass',\n",
       " 'porcini',\n",
       " 'marinara',\n",
       " 'linguine',\n",
       " 'wedge',\n",
       " 'phyllo',\n",
       " 'poppy',\n",
       " 'peppermint',\n",
       " 'cacao',\n",
       " 'square',\n",
       " 'radicchio',\n",
       " 'gorgonzola',\n",
       " 'eggplants',\n",
       " 'plums',\n",
       " 'cottage',\n",
       " 'tahini',\n",
       " 'oysters',\n",
       " 'sausages',\n",
       " 'brisket',\n",
       " 'ale',\n",
       " 'snapper',\n",
       " 'artichokes',\n",
       " 'brioche',\n",
       " 'rhubarb',\n",
       " 'marmalade',\n",
       " 'basmati',\n",
       " 'endive',\n",
       " 'melon',\n",
       " 'wasabi',\n",
       " 'lasagna',\n",
       " 'wonton',\n",
       " 'muffin',\n",
       " 'turnips',\n",
       " 'chutney',\n",
       " 'marsala',\n",
       " 'okra',\n",
       " 'sake',\n",
       " 'sambal',\n",
       " 'ciabatta',\n",
       " 'salami',\n",
       " 'pepperoni',\n",
       " 'barley',\n",
       " 'rotisserie',\n",
       " 'giblets',\n",
       " 'tail',\n",
       " 'tapioca',\n",
       " 'semolina',\n",
       " 'papaya',\n",
       " 'wafer',\n",
       " 'fettuccine',\n",
       " 'croutons',\n",
       " 'pimento',\n",
       " 'macadamia',\n",
       " 'jasmine',\n",
       " 'tamarind',\n",
       " 'sauerkraut',\n",
       " 'gingerroot',\n",
       " 'chickens',\n",
       " 'amaretto',\n",
       " 'prunes',\n",
       " 'marshmallow',\n",
       " 'popcorn',\n",
       " 'seltzer',\n",
       " 'lemonade',\n",
       " 'anchovies',\n",
       " 'franks',\n",
       " 'skirt',\n",
       " 'lobsters',\n",
       " 'trout',\n",
       " 'mangoes',\n",
       " 'skins',\n",
       " 'cantaloupe',\n",
       " 'mandarin',\n",
       " 'butterflied',\n",
       " 'marinade',\n",
       " 'fudge',\n",
       " 'sushi',\n",
       " 'schnapps',\n",
       " 'tenderloins',\n",
       " 'rack',\n",
       " 'biscuits',\n",
       " 'fleur',\n",
       " 'surface',\n",
       " 'crema',\n",
       " 'kielbasa',\n",
       " 'squid',\n",
       " 'beefsteak',\n",
       " 'radish',\n",
       " 'brie',\n",
       " 'biscuit',\n",
       " 'hickory',\n",
       " 'gouda',\n",
       " 'cakes',\n",
       " 'wafers',\n",
       " 'pretzel',\n",
       " 'edamame',\n",
       " 'drumsticks',\n",
       " 'tangerine',\n",
       " 'lager',\n",
       " 'plantains',\n",
       " 'pistachio',\n",
       " 'tenders',\n",
       " 'honeydew',\n",
       " 'berry',\n",
       " 'dairy',\n",
       " 'yams',\n",
       " 'tilapia',\n",
       " 'sorbet',\n",
       " 'toffee',\n",
       " 'muffins',\n",
       " 'venison',\n",
       " 'cola',\n",
       " 'guacamole',\n",
       " 'vermicelli',\n",
       " 'turnip',\n",
       " 'pretzels',\n",
       " 'fries',\n",
       " 'bulgur',\n",
       " 'prawns',\n",
       " 'brownie',\n",
       " 'saltine',\n",
       " 'spices',\n",
       " 'sweetener',\n",
       " 'liver',\n",
       " 'buckwheat',\n",
       " 'gruyère',\n",
       " 'oat',\n",
       " 'shanks',\n",
       " 'blueberry',\n",
       " 'gum',\n",
       " 'prosecco',\n",
       " 'rotini',\n",
       " 'seaweed',\n",
       " 'breads',\n",
       " 'lindt',\n",
       " 'pepperoncini',\n",
       " 'oatmeal',\n",
       " 'harissa',\n",
       " 'madeira',\n",
       " 'nectarines',\n",
       " 'nicoise',\n",
       " 'pimiento',\n",
       " 'safflower',\n",
       " 'ghee',\n",
       " 'buttercream',\n",
       " 'pumpernickel',\n",
       " 'chipotles',\n",
       " 'ribbons',\n",
       " 'ramen',\n",
       " 'kiwi',\n",
       " 'swordfish',\n",
       " 'nut',\n",
       " 'enchilada',\n",
       " 'guava',\n",
       " 'tabasco®',\n",
       " 'drink',\n",
       " 'shank',\n",
       " 'crabs',\n",
       " 'fusilli',\n",
       " 'crawfish',\n",
       " 'blackberry',\n",
       " 'livers',\n",
       " 'meatballs',\n",
       " 'spareribs',\n",
       " 'pectin',\n",
       " 'arrowroot',\n",
       " 'chardonnay',\n",
       " 'tortellini',\n",
       " 'sole',\n",
       " 'parsnip',\n",
       " 'pancake',\n",
       " 'madras',\n",
       " 'pitas',\n",
       " 'burger',\n",
       " 'cashew',\n",
       " 'grapefruits',\n",
       " 'mangos',\n",
       " 'ravioli',\n",
       " 'fenugreek',\n",
       " 'roquefort',\n",
       " 'calamari',\n",
       " 'focaccia',\n",
       " 'kiwis',\n",
       " 'gingersnap',\n",
       " 'limoncello',\n",
       " 'lardons',\n",
       " 'mayo',\n",
       " 'hummus',\n",
       " 'stilton',\n",
       " 'tapenade',\n",
       " 'amaretti',\n",
       " 'splenda',\n",
       " 'rutabaga',\n",
       " 'sorghum',\n",
       " 'linguini',\n",
       " 'baguettes',\n",
       " 'merlot',\n",
       " 'plantain',\n",
       " 'ganache',\n",
       " 'patties',\n",
       " 'chickpea',\n",
       " 'sherbet',\n",
       " 'demerara',\n",
       " 'kahlua',\n",
       " 'gnocchi',\n",
       " 'eggnog',\n",
       " 'frangelico',\n",
       " 'nutella',\n",
       " 'havarti',\n",
       " 'crepes',\n",
       " 'goose',\n",
       " 'sichuan',\n",
       " 'jalapeños',\n",
       " 'picante',\n",
       " 'coffeespice',\n",
       " 'valrhona',\n",
       " 'shortbread',\n",
       " 'truffles',\n",
       " 'naan',\n",
       " 'peppercorn',\n",
       " 'hersheys',\n",
       " 'coco',\n",
       " 'hibiscus',\n",
       " 'krispies®',\n",
       " 'knorr®',\n",
       " 'chestnut',\n",
       " 'petals',\n",
       " 'caper',\n",
       " 'kikkoman',\n",
       " 'flatbread',\n",
       " 'fajita',\n",
       " 'stevia',\n",
       " 'guinness',\n",
       " 'rabbit',\n",
       " 'pop',\n",
       " 'octopus',\n",
       " 'soybeans',\n",
       " 'kelloggs®',\n",
       " 'broccolini',\n",
       " 'zucchinis',\n",
       " 'heinz',\n",
       " 'parma',\n",
       " 'margarita',\n",
       " 'udon',\n",
       " 'monkfish',\n",
       " 'whitefish',\n",
       " 'meatloaf',\n",
       " 'splenda®',\n",
       " 'pappardelle',\n",
       " 'lettuces',\n",
       " 'consomme',\n",
       " 'bison',\n",
       " 'chai',\n",
       " 'applejack',\n",
       " 'kabocha',\n",
       " 'sardines',\n",
       " 'gelato',\n",
       " 'camembert',\n",
       " 'porterhouse',\n",
       " 'muscle',\n",
       " 'clementines',\n",
       " 'caesar',\n",
       " 'pancakes',\n",
       " 'szechuan',\n",
       " 'msg',\n",
       " 'marzipan',\n",
       " 'biscotti',\n",
       " 'cheeses',\n",
       " 'risotto',\n",
       " 'crostini',\n",
       " 'chocolates',\n",
       " 'tagliatelle',\n",
       " 'glutamate',\n",
       " 'crisco',\n",
       " 'fettuccini',\n",
       " 'seashell',\n",
       " 'monosodium',\n",
       " 'persimmons',\n",
       " 'nestle®',\n",
       " 'alfalfa',\n",
       " 'truvia®',\n",
       " 'giblet',\n",
       " 'oreo',\n",
       " 'burrito',\n",
       " 'cheesecake',\n",
       " 'rutabagas',\n",
       " 'lychees',\n",
       " 'pimentón',\n",
       " 'groundnut',\n",
       " 'hersheys®',\n",
       " 'clementine',\n",
       " 'sashimi',\n",
       " 'lasagne',\n",
       " 'brownies',\n",
       " 'sucralose',\n",
       " 'dumpling',\n",
       " 'spaghettini',\n",
       " 'lychee',\n",
       " 'gingerbread',\n",
       " 'crisps',\n",
       " 'patty',\n",
       " 'pimenton',\n",
       " 'togarashi',\n",
       " 'desiccated',\n",
       " 'dumplings',\n",
       " 'yellowfin',\n",
       " 'barilla',\n",
       " 'canela',\n",
       " 'ducks',\n",
       " 'nuggets',\n",
       " 'bechamel',\n",
       " 'tempura',\n",
       " 'pastrami',\n",
       " 'skimmed',\n",
       " 'kahlua®',\n",
       " 'papayas',\n",
       " 'pilsner',\n",
       " 'bagels',\n",
       " 'kahlúa',\n",
       " 'callebaut',\n",
       " 'sachet',\n",
       " 'waffles',\n",
       " 'gyoza',\n",
       " 'emmentaler',\n",
       " 'spam®',\n",
       " 'tumeric',\n",
       " 'piecrust',\n",
       " 'godiva',\n",
       " 'tzatziki',\n",
       " 'persimmon',\n",
       " 'spearmint',\n",
       " 'mocha',\n",
       " 'peperoncini',\n",
       " 'skewer',\n",
       " 'portobellos',\n",
       " 'oreo®',\n",
       " 'krispies',\n",
       " 'nectarine',\n",
       " 'bisquick®',\n",
       " 'sambuca',\n",
       " 'drumstick',\n",
       " 'alcohol',\n",
       " 'heinz®',\n",
       " 'condiment',\n",
       " 'hellmanns',\n",
       " 'halloumi',\n",
       " 'chimichurri',\n",
       " 'jalepeno',\n",
       " 'frankfurters',\n",
       " 'nutella®',\n",
       " 'doughnuts',\n",
       " 'calamata',\n",
       " 'nestlé®',\n",
       " 'ladyfinger',\n",
       " 'nougat',\n",
       " 'elk',\n",
       " 'rosewater',\n",
       " 'orégano',\n",
       " 'needles',\n",
       " 'saltines',\n",
       " 'tandoori',\n",
       " 'souffle',\n",
       " 'monte®',\n",
       " 'hellmanns®',\n",
       " 'rockfish',\n",
       " 'panettone',\n",
       " 'colemans',\n",
       " 'snails',\n",
       " 'shellfish',\n",
       " 'sugars',\n",
       " 'colmans',\n",
       " 'cornflake',\n",
       " 'herring',\n",
       " 'scones',\n",
       " 'comte',\n",
       " 'pastries',\n",
       " 'oreos',\n",
       " 'rosa',\n",
       " 'nestle',\n",
       " 'nugget',\n",
       " 'emmental',\n",
       " 'fresco®',\n",
       " 'cannelloni',\n",
       " 'lentil',\n",
       " 'spam',\n",
       " 'shiraz',\n",
       " 'tongue',\n",
       " 'lambs',\n",
       " 'paella',\n",
       " 'pomegranates',\n",
       " 'angus',\n",
       " 'labneh',\n",
       " 'serranos',\n",
       " 'crayfish',\n",
       " 'chillies',\n",
       " 'habenero',\n",
       " 'fettucine',\n",
       " 'chourico',\n",
       " 'gooseberries',\n",
       " 'hendricks',\n",
       " 'soufflé',\n",
       " 'flaxseeds',\n",
       " 'chowder',\n",
       " 'sultana',\n",
       " 'lipton®',\n",
       " 'butterfinger®',\n",
       " 'cappuccino',\n",
       " 'sweetbreads',\n",
       " 'cantaloupes',\n",
       " 'lumpfish',\n",
       " 'rosé',\n",
       " 'chamomile',\n",
       " 'kefalotyri',\n",
       " 'moulard',\n",
       " 'bruschetta',\n",
       " 'fructose',\n",
       " 'perciatelli',\n",
       " 'robiola',\n",
       " 'bresaola',\n",
       " 'cannoli',\n",
       " 'donuts',\n",
       " 'potatoes®',\n",
       " 'kiwifruit',\n",
       " 'avocadoes',\n",
       " 'emmenthal',\n",
       " 'shrimps',\n",
       " 'haagen',\n",
       " 'codfish',\n",
       " 'feuilletine',\n",
       " 'knorr',\n",
       " 'sucrolose',\n",
       " 'comté',\n",
       " 'doughnut',\n",
       " 'sprout',\n",
       " 'jerky',\n",
       " 'proscuitto',\n",
       " 'poppyseed',\n",
       " 'honeycomb',\n",
       " 'bolognese',\n",
       " 'beers',\n",
       " 'ipa',\n",
       " 'coconuts',\n",
       " 'potsticker',\n",
       " 'yoghurt',\n",
       " 'peppadews',\n",
       " 'claret',\n",
       " 'piquante',\n",
       " 'cardamon',\n",
       " 'kochujang',\n",
       " 'keebler',\n",
       " 'wontons',\n",
       " 'hellmans®',\n",
       " 'edam',\n",
       " 'bearnaise',\n",
       " 'mojito',\n",
       " 'dextrose',\n",
       " 'boysenberry',\n",
       " 'ceylon',\n",
       " 'mustards',\n",
       " 'guinea',\n",
       " 'cippolini',\n",
       " 'pernigotti',\n",
       " 'langoustines',\n",
       " 'falafel',\n",
       " 'tootsie',\n",
       " 'popsicle',\n",
       " 'butterfinger',\n",
       " 'condiments',\n",
       " 'hershey®s',\n",
       " 'chipolte',\n",
       " 'cornhusks',\n",
       " 'pellegrino',\n",
       " 'romanesco',\n",
       " 'grahams',\n",
       " 'haloumi',\n",
       " 'scaloppine',\n",
       " 'budweiser',\n",
       " 'wagyu',\n",
       " 'gratings',\n",
       " 'stoneground',\n",
       " 'cannelini',\n",
       " 'passionfruit',\n",
       " 'chucks',\n",
       " 'lipton',\n",
       " 'kelloggs',\n",
       " 'jackfruit',\n",
       " 'speculoos',\n",
       " 'cuttlefish',\n",
       " 'gelatine',\n",
       " 'snickers',\n",
       " 'worchestershire',\n",
       " 'kataifi',\n",
       " 'margherita®',\n",
       " 'quesadilla',\n",
       " 'ribeye',\n",
       " 'chenin',\n",
       " 'prawn',\n",
       " 'kimchee',\n",
       " 'bisque',\n",
       " 'caperberries',\n",
       " 'valhrona',\n",
       " 'snickers®',\n",
       " 'pheasants',\n",
       " 'granita',\n",
       " 'peperoncino',\n",
       " 'hellmans',\n",
       " 'chateaubriand',\n",
       " 'starfruit',\n",
       " 'foccacia',\n",
       " 'edamames',\n",
       " 'beans®',\n",
       " 'mulberries',\n",
       " 'jellybeans',\n",
       " 'pinenuts',\n",
       " 'coconutmilk',\n",
       " 'jagermeister',\n",
       " 'butterfish',\n",
       " 'americano',\n",
       " 'huckleberry',\n",
       " 'cabbages',\n",
       " 'cornflour',\n",
       " 'aniseeds',\n",
       " 'seabass',\n",
       " 'peppermints',\n",
       " 'souvlaki',\n",
       " 'breadmuffin',\n",
       " 'smirnoff®',\n",
       " 'barberries',\n",
       " 'minestrone',\n",
       " 'doritos®',\n",
       " 'stella®',\n",
       " 'bakers®',\n",
       " 'emmenthaler',\n",
       " 'voskos®',\n",
       " 'starburst®',\n",
       " 'almondmilk',\n",
       " 'biryani',\n",
       " 'quiche',\n",
       " 'antibiotic',\n",
       " 'freshwater',\n",
       " 'pumpkinseeds',\n",
       " 'puttanesca',\n",
       " 'bouillabaisse',\n",
       " 'cheddarmonterey',\n",
       " 'marionberries',\n",
       " 'ginseng',\n",
       " 'kerrygold',\n",
       " 'wheatmeal',\n",
       " 'braciole',\n",
       " 'gummi',\n",
       " 'coke®',\n",
       " 'aspartame',\n",
       " 'godiva®',\n",
       " 'antelope',\n",
       " 'starbucks',\n",
       " 'blackcurrant',\n",
       " 'breadstick',\n",
       " 'habañero',\n",
       " 'gruyére',\n",
       " 'tomalley',\n",
       " 'brussel',\n",
       " 'chrysanthemum',\n",
       " 'sardine',\n",
       " 'cereals',\n",
       " 'chorizos',\n",
       " 'meringues',\n",
       " 'kebabs',\n",
       " 'sweetbread',\n",
       " 'hotdogs',\n",
       " 'blackfish',\n",
       " 'calzone',\n",
       " 'mandarins',\n",
       " 'parmigianino',\n",
       " 'liquorice',\n",
       " 'pomelo',\n",
       " 'marscarpone',\n",
       " 'kafir',\n",
       " 'gingeroot',\n",
       " 'loganberries']"
      ]
     },
     "execution_count": 25,
     "metadata": {},
     "output_type": "execute_result"
    }
   ],
   "source": [
    "with open('Data/items_for_sale.txt', 'r') as f:\n",
    "    items_for_sale = f.read().split()\n",
    "    \n",
    "items_for_sale"
   ]
  },
  {
   "cell_type": "code",
   "execution_count": 26,
   "metadata": {},
   "outputs": [],
   "source": [
    "words, vectors = [], []\n",
    "\n",
    "for item in items_for_sale:\n",
    "    try:\n",
    "        vectors.append(model.wv.get_vector(item))\n",
    "        words.append(item)\n",
    "    except KeyError:\n",
    "        print(f\"key error for {item}\")"
   ]
  },
  {
   "cell_type": "code",
   "execution_count": 27,
   "metadata": {},
   "outputs": [
    {
     "data": {
      "text/plain": [
       "array([-2.1713035 ,  1.4739733 ,  0.37740606,  1.3366044 , -0.04578982,\n",
       "        1.1350462 , -0.70300424, -1.3026836 , -1.1656891 ,  0.391031  ,\n",
       "        0.06377094,  5.1268716 , -4.1614723 , -0.2264992 , -1.5391395 ,\n",
       "       -0.9470158 , -2.3322098 , -1.6254716 , -3.7271779 ,  3.1086354 ,\n",
       "        1.3330684 , -0.74994564, -0.23143795, -3.6436446 , -2.1753411 ,\n",
       "        1.2780732 , -1.1519568 ,  0.80431175,  2.2552645 , -0.29062238,\n",
       "       -3.193651  , -1.9544084 ,  0.94963676,  1.8758073 , -2.1736155 ,\n",
       "       -0.39040008, -2.9455314 ,  1.1625155 ,  1.9768082 , -0.10649958,\n",
       "        0.72577447,  0.04100583,  1.8190495 , -2.3746974 , -0.21926701,\n",
       "        2.5592058 , -0.43157133,  1.5428236 ,  0.9475955 , -2.6313024 ,\n",
       "        0.5443908 , -0.13921137, -0.58525527,  4.366777  ,  1.3728406 ,\n",
       "       -1.021257  , -0.8037404 ,  2.5928369 ,  0.45589918,  1.065591  ,\n",
       "       -3.790009  ,  4.453682  , -1.5130312 ,  3.2856753 , -0.4396857 ,\n",
       "       -1.4570653 , -3.8605435 , -1.0113556 ,  0.51652026, -4.1093946 ,\n",
       "        1.2560451 ,  5.066716  , -0.19472949, -0.91970444, -0.38165653,\n",
       "       -3.238112  ,  1.5293617 , -0.26054052,  2.412469  ,  1.7011483 ,\n",
       "       -1.0027976 , -2.9729996 , -0.29294577, -0.44571763,  0.32888466,\n",
       "       -0.505872  ,  1.3053019 ,  1.5273998 ,  0.960523  , -0.5026352 ,\n",
       "        3.9111626 ,  3.403079  , -0.47720963,  1.0559862 ,  0.9346021 ,\n",
       "       -2.9006975 , -0.9774874 , -1.3294482 ,  5.222182  , -0.69332355],\n",
       "      dtype=float32)"
      ]
     },
     "execution_count": 27,
     "metadata": {},
     "output_type": "execute_result"
    }
   ],
   "source": [
    "vectors[0]"
   ]
  },
  {
   "cell_type": "code",
   "execution_count": 28,
   "metadata": {},
   "outputs": [
    {
     "name": "stdout",
     "output_type": "stream",
     "text": [
      "len: 911\n"
     ]
    }
   ],
   "source": [
    "print(f\"len: {len(vectors)}\")"
   ]
  },
  {
   "cell_type": "code",
   "execution_count": 29,
   "metadata": {},
   "outputs": [],
   "source": [
    "sims = cosine_similarity(vectors, vectors)"
   ]
  },
  {
   "cell_type": "code",
   "execution_count": 30,
   "metadata": {},
   "outputs": [
    {
     "data": {
      "text/plain": [
       "(911, 911)"
      ]
     },
     "execution_count": 30,
     "metadata": {},
     "output_type": "execute_result"
    }
   ],
   "source": [
    "sims.shape"
   ]
  },
  {
   "cell_type": "code",
   "execution_count": 31,
   "metadata": {},
   "outputs": [
    {
     "name": "stdout",
     "output_type": "stream",
     "text": [
      "[[0, 1, 1, 1], [1, 0, 1, 1], [1, 1, 0, 1], [1, 1, 1, 0]]\n"
     ]
    }
   ],
   "source": [
    "test_matrix=[[1,1,1,1],[1,1,1,1],[1,1,1,1],[1,1,1,1]]\n",
    "for i in range(len(test_matrix)):\n",
    "    test_matrix[i][i]=0\n",
    "\n",
    "print(test_matrix)"
   ]
  },
  {
   "cell_type": "code",
   "execution_count": 32,
   "metadata": {},
   "outputs": [],
   "source": [
    "for i in range(len(vectors)):\n",
    "    sims[i][i] = False"
   ]
  },
  {
   "cell_type": "code",
   "execution_count": 33,
   "metadata": {},
   "outputs": [
    {
     "data": {
      "text/plain": [
       "[0, 1, 2, 3, 4, 5, 6, 7, 8, 9, 10, 11, 12, 13, 14]"
      ]
     },
     "execution_count": 33,
     "metadata": {},
     "output_type": "execute_result"
    }
   ],
   "source": [
    "k = 15\n",
    "indices = list(range(len(vectors)))\n",
    "indices[:15]"
   ]
  },
  {
   "cell_type": "code",
   "execution_count": 34,
   "metadata": {},
   "outputs": [
    {
     "data": {
      "text/plain": [
       "[721, 775, 633, 708, 551, 452, 407, 16, 217, 143, 748, 465, 422, 124, 24]"
      ]
     },
     "execution_count": 34,
     "metadata": {},
     "output_type": "execute_result"
    }
   ],
   "source": [
    "random.shuffle(indices)\n",
    "indices = indices[:k]\n",
    "indices"
   ]
  },
  {
   "cell_type": "code",
   "execution_count": 35,
   "metadata": {},
   "outputs": [],
   "source": [
    "small_vectors = [vectors[i] for i in indices]\n",
    "small_words = [words[i] for i in indices]"
   ]
  },
  {
   "cell_type": "code",
   "execution_count": 36,
   "metadata": {},
   "outputs": [],
   "source": [
    "small_sims = cosine_similarity(small_vectors, small_vectors)"
   ]
  },
  {
   "cell_type": "code",
   "execution_count": 37,
   "metadata": {},
   "outputs": [
    {
     "data": {
      "text/plain": [
       "(15, 15)"
      ]
     },
     "execution_count": 37,
     "metadata": {},
     "output_type": "execute_result"
    }
   ],
   "source": [
    "small_sims.shape"
   ]
  },
  {
   "cell_type": "code",
   "execution_count": 38,
   "metadata": {},
   "outputs": [
    {
     "data": {
      "text/plain": [
       "array([[ 0.00000000e+00,  1.12144522e-01,  1.45342678e-01,\n",
       "         1.79900110e-01,  3.88079919e-02, -9.10376385e-02,\n",
       "        -6.21055178e-02,  4.48433012e-02, -2.72148498e-03,\n",
       "         3.91420797e-02,  1.79414079e-01,  2.10686475e-01,\n",
       "        -1.11363688e-02,  5.42556383e-02,  2.65754431e-01],\n",
       "       [ 1.12144522e-01,  0.00000000e+00,  3.68112139e-02,\n",
       "         1.50872126e-01,  1.44499898e-01,  9.22917575e-02,\n",
       "         1.32562578e-01,  1.31802335e-01,  7.34294727e-02,\n",
       "        -4.18278687e-02,  7.22875446e-02,  1.07461452e-01,\n",
       "        -7.93978721e-02,  2.78197415e-02,  1.06079672e-02],\n",
       "       [ 1.45342678e-01,  3.68112139e-02,  0.00000000e+00,\n",
       "         4.22724932e-02,  2.84207135e-01,  1.80058219e-02,\n",
       "        -5.75888418e-02, -4.70978761e-04,  1.90604463e-01,\n",
       "         3.41469139e-01,  9.66363549e-02,  8.16110820e-02,\n",
       "         2.76821017e-01, -7.82225572e-04,  2.09776863e-01],\n",
       "       [ 1.79900110e-01,  1.50872126e-01,  4.22724932e-02,\n",
       "         0.00000000e+00, -5.59933782e-02,  2.84114450e-01,\n",
       "         5.54965496e-01, -5.62367262e-03, -1.04134880e-01,\n",
       "        -1.75356537e-01,  5.63962460e-02,  1.90562785e-01,\n",
       "         8.88369307e-02, -7.84652308e-02, -2.70555913e-01],\n",
       "       [ 3.88079919e-02,  1.44499898e-01,  2.84207135e-01,\n",
       "        -5.59933782e-02,  0.00000000e+00,  1.14972733e-01,\n",
       "        -9.14426055e-03, -9.55633521e-02,  1.56794012e-01,\n",
       "         5.90946898e-02, -1.17039472e-01, -1.86604653e-02,\n",
       "        -3.14737260e-02,  4.34482545e-02, -5.21124341e-02],\n",
       "       [-9.10376385e-02,  9.22917575e-02,  1.80058219e-02,\n",
       "         2.84114450e-01,  1.14972733e-01,  0.00000000e+00,\n",
       "         2.52817452e-01, -6.57526031e-03,  8.44955258e-03,\n",
       "        -2.34441962e-02,  3.36489528e-02,  1.36457562e-01,\n",
       "         6.56329989e-02,  1.37319252e-01, -6.96853697e-02],\n",
       "       [-6.21055178e-02,  1.32562578e-01, -5.75888418e-02,\n",
       "         5.54965496e-01, -9.14426055e-03,  2.52817452e-01,\n",
       "         0.00000000e+00, -1.20964147e-01,  1.38405552e-02,\n",
       "        -1.66733202e-03, -6.29368331e-03,  1.14755407e-01,\n",
       "         1.49445996e-01,  2.06820033e-02, -2.29337335e-01],\n",
       "       [ 4.48433012e-02,  1.31802335e-01, -4.70978761e-04,\n",
       "        -5.62367262e-03, -9.55633521e-02, -6.57526031e-03,\n",
       "        -1.20964147e-01,  0.00000000e+00,  1.13155954e-01,\n",
       "         5.61726950e-02, -2.34027784e-02, -1.34316385e-01,\n",
       "        -1.53251827e-01, -6.44996762e-02,  1.09705459e-02],\n",
       "       [-2.72148498e-03,  7.34294727e-02,  1.90604463e-01,\n",
       "        -1.04134880e-01,  1.56794012e-01,  8.44955258e-03,\n",
       "         1.38405552e-02,  1.13155954e-01,  0.00000000e+00,\n",
       "         1.92789897e-01,  9.66926962e-02, -1.49651477e-02,\n",
       "        -1.04793862e-01, -5.12410328e-02,  2.60841727e-01],\n",
       "       [ 3.91420797e-02, -4.18278687e-02,  3.41469139e-01,\n",
       "        -1.75356537e-01,  5.90946898e-02, -2.34441962e-02,\n",
       "        -1.66733202e-03,  5.61726950e-02,  1.92789897e-01,\n",
       "         0.00000000e+00, -1.31577089e-01, -7.21649230e-02,\n",
       "         1.94546074e-01,  1.01686761e-01,  2.78642684e-01],\n",
       "       [ 1.79414079e-01,  7.22875446e-02,  9.66363549e-02,\n",
       "         5.63962460e-02, -1.17039472e-01,  3.36489528e-02,\n",
       "        -6.29368331e-03, -2.34027784e-02,  9.66926962e-02,\n",
       "        -1.31577089e-01,  0.00000000e+00,  9.51333120e-02,\n",
       "        -1.10362425e-01, -7.49436244e-02,  1.29028246e-01],\n",
       "       [ 2.10686475e-01,  1.07461452e-01,  8.16110820e-02,\n",
       "         1.90562785e-01, -1.86604653e-02,  1.36457562e-01,\n",
       "         1.14755407e-01, -1.34316385e-01, -1.49651477e-02,\n",
       "        -7.21649230e-02,  9.51333120e-02,  0.00000000e+00,\n",
       "         4.35007922e-02,  4.59556937e-01,  8.54140893e-02],\n",
       "       [-1.11363688e-02, -7.93978721e-02,  2.76821017e-01,\n",
       "         8.88369307e-02, -3.14737260e-02,  6.56329989e-02,\n",
       "         1.49445996e-01, -1.53251827e-01, -1.04793862e-01,\n",
       "         1.94546074e-01, -1.10362425e-01,  4.35007922e-02,\n",
       "         0.00000000e+00,  1.13812588e-01,  8.49073287e-04],\n",
       "       [ 5.42556383e-02,  2.78197415e-02, -7.82225572e-04,\n",
       "        -7.84652308e-02,  4.34482545e-02,  1.37319252e-01,\n",
       "         2.06820033e-02, -6.44996762e-02, -5.12410328e-02,\n",
       "         1.01686761e-01, -7.49436244e-02,  4.59556937e-01,\n",
       "         1.13812588e-01,  0.00000000e+00,  1.23280264e-01],\n",
       "       [ 2.65754431e-01,  1.06079672e-02,  2.09776863e-01,\n",
       "        -2.70555913e-01, -5.21124341e-02, -6.96853697e-02,\n",
       "        -2.29337335e-01,  1.09705459e-02,  2.60841727e-01,\n",
       "         2.78642684e-01,  1.29028246e-01,  8.54140893e-02,\n",
       "         8.49073287e-04,  1.23280264e-01,  0.00000000e+00]], dtype=float32)"
      ]
     },
     "execution_count": 38,
     "metadata": {},
     "output_type": "execute_result"
    }
   ],
   "source": [
    "for x in range(len(indices)):\n",
    "    small_sims[x][x] = False\n",
    "\n",
    "small_sims"
   ]
  },
  {
   "cell_type": "code",
   "execution_count": 39,
   "metadata": {},
   "outputs": [
    {
     "data": {
      "image/svg+xml": [
       "<?xml version=\"1.0\" encoding=\"utf-8\" standalone=\"no\"?>\n",
       "<!DOCTYPE svg PUBLIC \"-//W3C//DTD SVG 1.1//EN\"\n",
       "  \"http://www.w3.org/Graphics/SVG/1.1/DTD/svg11.dtd\">\n",
       "<svg xmlns:xlink=\"http://www.w3.org/1999/xlink\" width=\"338.286875pt\" height=\"338.286875pt\" viewBox=\"0 0 338.286875 338.286875\" xmlns=\"http://www.w3.org/2000/svg\" version=\"1.1\">\n",
       " <metadata>\n",
       "  <rdf:RDF xmlns:dc=\"http://purl.org/dc/elements/1.1/\" xmlns:cc=\"http://creativecommons.org/ns#\" xmlns:rdf=\"http://www.w3.org/1999/02/22-rdf-syntax-ns#\">\n",
       "   <cc:Work>\n",
       "    <dc:type rdf:resource=\"http://purl.org/dc/dcmitype/StillImage\"/>\n",
       "    <dc:date>2024-07-25T09:42:13.174903</dc:date>\n",
       "    <dc:format>image/svg+xml</dc:format>\n",
       "    <dc:creator>\n",
       "     <cc:Agent>\n",
       "      <dc:title>Matplotlib v3.9.1, https://matplotlib.org/</dc:title>\n",
       "     </cc:Agent>\n",
       "    </dc:creator>\n",
       "   </cc:Work>\n",
       "  </rdf:RDF>\n",
       " </metadata>\n",
       " <defs>\n",
       "  <style type=\"text/css\">*{stroke-linejoin: round; stroke-linecap: butt}</style>\n",
       " </defs>\n",
       " <g id=\"figure_1\">\n",
       "  <g id=\"patch_1\">\n",
       "   <path d=\"M 0 338.286875 \n",
       "L 338.286875 338.286875 \n",
       "L 338.286875 0 \n",
       "L 0 0 \n",
       "z\n",
       "\" style=\"fill: #ffffff\"/>\n",
       "  </g>\n",
       "  <g id=\"axes_1\">\n",
       "   <g id=\"patch_2\">\n",
       "    <path d=\"M 86.896875 251.39 \n",
       "L 331.086875 251.39 \n",
       "L 331.086875 7.2 \n",
       "L 86.896875 7.2 \n",
       "z\n",
       "\" style=\"fill: #e5e5e5\"/>\n",
       "   </g>\n",
       "   <g clip-path=\"url(#p67b854bfe4)\">\n",
       "    <image xlink:href=\"data:image/png;base64,\n",
